1
0.9583333333333333
0.03312434485725298
1.0
0.0

3
0.9683333333333334
0.02466441431158123
0.9608333333333332
0.009166666666666665

5
0.9549999999999997
0.033788558221188814
0.9754166666666666
0.009673488971869896

7
0.973333333333333
0.027080128015453196
0.9775000000000003
0.009537935951882985

9
0.9616666666666663
0.03693086634360056
0.9775000000000003
0.008779711460710616

11
0.9583333333333333
0.03632415786283894
0.9783333333333333
0.009646530752325185

13
0.9683333333333332
0.026822461565718464
0.9783333333333335
0.008498365855987969

15
0.9616666666666666
0.028431203515386628
0.9775
0.007949493345141214

17
0.9666666666666666
0.02108185106778919
0.9779166666666669
0.007580585582775098

19
0.9583333333333333
0.029580398915498074
0.9720833333333335
0.007580585582775077

21
0.9549999999999997
0.026404965862924762
0.9674999999999999
0.010507933510765385

23
0.948333333333333
0.04769696007084726
0.9624999999999997
0.01193151755273029

25
0.9533333333333334
0.03999999999999999
0.9595833333333333
0.014012643100666857

27
0.9433333333333334
0.05385164807134503
0.9541666666666664
0.013043729868748773

29
0.9383333333333331
0.03210226714043036
0.9520833333333332
0.01114145163093412

31
0.9383333333333332
0.04119735698102757
0.9566666666666664
0.012527746981977426

33
0.9400000000000001
0.04666666666666665
0.9554166666666666
0.014971036852684728

35
0.9416666666666667
0.034761089357690345
0.9508333333333333
0.013149778198382926

37
0.9549999999999998
0.04119735698102758
0.9520833333333331
0.011448859720028412

39
0.9383333333333332
0.039826010484495064
0.93875
0.014012643100666859

41
0.9383333333333331
0.05703312877422889
0.9395833333333334
0.010825317547305476

43
0.9066666666666666
0.052281290471193724
0.9412499999999999
0.01355928341272748

45
0.93
0.045825756949558386
0.9379166666666668
0.012767961205037131

47
0.925
0.04330127018922192
0.9337500000000001
0.01717455320460411

49
0.9116666666666667
0.041197356981027576
0.9262500000000001
0.016723860200324556

51
0.9216666666666666
0.03693086634360055
0.9175000000000001
0.01664582029619847