1
0.9699999999999998
0.02768874620972691
1.0
0.0

3
0.9549999999999997
0.03539460096932549
0.9645833333333333
0.010825317547305474

5
0.9649999999999996
0.02682246156571846
0.96875
0.011448859720028393

7
0.9599999999999997
0.03265986323710904
0.9745833333333336
0.012493053625470792

9
0.9599999999999997
0.04163331998932265
0.9754166666666668
0.01002600784626329

11
0.9533333333333331
0.03711842908553347
0.9779166666666665
0.008848650242331378

13
0.9633333333333332
0.03480102169636849
0.9770833333333335
0.011141451630934099

15
0.9599999999999997
0.024944382578492935
0.9754166666666665
0.008528953954357786

17
0.9583333333333333
0.03312434485725298
0.9737500000000001
0.009232716585900132

19
0.9699999999999998
0.02768874620972691
0.9687499999999998
0.01232516621479085

21
0.9533333333333331
0.03559026084010437
0.96875
0.012603736218545129

23
0.9633333333333332
0.02768874620972691
0.9666666666666668
0.012360330811826095

25
0.9566666666666667
0.029999999999999992
0.96
0.011055415967851336

27
0.9433333333333331
0.03179797338056486
0.95375
0.011924240017711822

29
0.9549999999999997
0.028431203515386628
0.9512499999999997
0.009956502621123773

31
0.948333333333333
0.03723051317281446
0.9529166666666663
0.012983697042402416

33
0.9416666666666664
0.02554951619459315
0.9545833333333331
0.007671646933134172

35
0.9299999999999999
0.04582575694955839
0.9545833333333332
0.011016086722001907

37
0.9466666666666665
0.03399346342395189
0.9470833333333332
0.010952866190079097

39
0.9433333333333331
0.040960685758148346
0.9425000000000001
0.011755613316388223

41
0.9433333333333331
0.03511884584284246
0.9470833333333333
0.011265421528829813

43
0.9366666666666665
0.06137317546507322
0.9325000000000001
0.01511529762268087

45
0.9316666666666666
0.053202965665041214
0.9333333333333333
0.012076147288491193

47
0.9166666666666666
0.046547466812563124
0.9383333333333331
0.01522972240208089

49
0.9083333333333334
0.062249497989943656
0.9275
0.013718398027628607

51
0.9149999999999998
0.06098724821177328
0.9262500000000001
0.016514934318838683